27
jgi|Nansal1776_1|8412|NSK_002470.t1                                 100.000000 76.839238 54.223436 53.405994 53.405994 52.316076 52.316076 42.506814 52.861035 40.871936 40.326977 36.874998 44.686651 42.779291 33.787465 41.961849 34.604907 95.912808 30.517709 45.776570 40.871936 43.596733 43.324250 44.959128 13.623977 44.686651 42.779291
jgi|Nanoce1779_2|527076|e_gw1.8.155.1                               76.839238 100.000000 50.099403 51.292247 50.695825 50.695825 50.695825 41.153085 50.099403 39.562625 39.562625 44.687498 43.141150 40.954274 29.821074 39.960241 35.586482 72.763419 28.429425 44.333994 41.550696 41.153085 41.153085 40.755469 13.121271 42.743540 45.107400
jgi|Undpi1|3870|HiC_scaffold_16.g07238.m1                           54.223436 50.099403 100.000000 79.611653 81.747574 80.582523 80.582523 37.669903 90.679610 36.504853 36.310679 42.500001 39.029127 39.611650 27.378643 36.504853 34.368932 48.543692 27.766991 39.805830 36.893201 39.805830 39.223301 37.864077 11.262137 37.669903 42.243433
jgi|Claok1|479|g12628.t1                                            53.405994 51.292247 79.611653 100.000000 84.444445 75.757575 75.757575 31.715214 73.365229 31.259966 31.578946 42.500001 33.550489 33.983743 24.232084 32.367146 30.899835 41.626793 28.089887 39.768338 33.169127 34.420884 34.369886 33.222592 11.463845 33.713353 42.482102
jgi|Ectsil1|30444|rna5859                                           53.405994 50.695825 81.747574 84.444445 100.000000 84.444445 84.444445 37.407410 81.851852 36.111110 36.851853 43.124998 38.148147 38.148147 26.111114 37.037039 33.148146 46.296299 27.153558 39.768338 36.481482 38.888890 38.703704 36.296296 12.037039 36.666667 42.720765
jgi|Nemde1|5232|g8177.t2                                            52.316076 50.695825 80.582523 75.757575 84.444445 100.000000 100.000000 32.524276 66.981131 30.615163 30.890805 42.500001 33.061886 33.495939 23.549485 32.689214 30.050933 29.171669 26.591760 38.610041 32.019705 33.115828 32.896888 32.059801 12.345678 32.736158 42.482102
jgi|Nemde1|5233|g8177.t1                                            52.316076 50.695825 80.582523 75.757575 84.444445 100.000000 100.000000 32.524276 66.981131 30.615163 30.890805 42.500001 33.061886 33.495939 23.549485 32.689214 30.050933 29.171669 26.591760 38.610041 32.019705 33.115828 32.896888 32.059801 12.345678 32.736158 42.482102
jgi|Nithil2|30392|g38604.t1                                         42.506814 41.153085 37.669903 31.715214 37.407410 32.524276 32.524276 100.000000 31.715214 56.634307 56.472492 80.000001 52.280128 50.894308 26.621163 57.605177 36.842108 34.951460 28.464419 38.803089 68.801314 33.931482 34.042549 36.378741 15.343916 50.162864 62.291169
jgi|Sacja1|7655|SJ04962.1                                           52.861035 50.099403 90.679610 73.365229 81.851852 66.981131 66.981131 31.715214 100.000000 30.660379 30.188680 42.187500 32.736158 33.983743 25.085324 31.884062 30.899835 39.622641 27.715355 39.768338 32.348108 34.584010 34.206223 33.388704 11.463845 33.061886 41.050118
jgi|Fisso1|5989|rna-FisN_3Lh499                                     40.871936 39.562625 36.504853 31.259966 36.111110 30.615163 30.615163 56.634307 30.660379 100.000000 90.086210 67.187500 52.117264 52.195120 24.914676 57.004833 35.314095 29.184550 26.779026 38.803089 54.187191 33.442092 33.715224 36.378741 14.109349 50.488597 62.291169
jgi|Fisso1|6734|rna-FisN_3Hh499                                     40.326977 39.562625 36.310679 31.578946 36.851853 30.890805 30.890805 56.472492 30.188680 90.086210 100.000000 67.812502 52.605861 52.682924 24.914676 56.521738 35.993207 28.879309 27.153558 38.996136 53.694582 33.278954 33.551556 36.710966 13.580245 50.000000 62.291169
jgi|Fracy1|139968|gw1.4.68.1                                        36.874998 44.687498 42.500001 42.500001 43.124998 42.500001 42.500001 80.000001 42.187500 67.187500 67.812502 100.000000 66.562498 64.687502 32.499999 68.124998 42.500001 44.687498 32.499999 43.437499 83.749998 43.124998 43.124998 45.937502 14.999998 62.812501 64.062500
jgi|Cyccr1|12741|g9525.t1                                           44.686651 43.141150 39.029127 33.550489 38.148147 33.061886 33.061886 52.280128 32.736158 52.117264 52.605861 66.562498 100.000000 67.589575 26.279867 55.700326 37.521219 37.133551 27.528089 41.505790 54.679805 35.236537 35.351884 38.205981 13.227510 68.078178 84.009546
jgi|Thaoce1|81190|rna20296                                          42.779291 40.954274 39.611650 33.983743 38.148147 33.495939 33.495939 50.894308 33.983743 52.195120 52.682924 64.687502 67.589575 100.000000 24.744028 53.170735 38.030559 35.772359 27.902621 40.347493 54.844004 36.052203 36.170208 39.036548 12.874782 67.915308 74.940336
jgi|Semro1|1158|Sro1061_g236780.1                                   33.787465 29.821074 27.378643 24.232084 26.111114 23.549485 23.549485 26.621163 25.085324 24.914676 24.914676 32.499999 26.279867 24.744028 100.000000 25.597268 22.525597 27.133107 49.812734 27.027023 27.474403 23.378837 23.378837 22.866893 11.816579 25.255972 32.458234
jgi|Semro1|6030|Sro1391_g268770.1                                   41.961849 39.960241 36.504853 32.367146 37.037039 32.689214 32.689214 57.605177 31.884062 57.004833 56.521738 68.124998 55.700326 53.170735 25.597268 100.000000 35.483873 34.138489 26.404494 39.189190 59.441710 34.747148 35.024548 37.873757 14.638448 52.931595 63.484484
jgi|Semro1|11045|Sro1810_g299160.1                                  34.604907 35.586482 34.368932 30.899835 33.148146 30.050933 30.050933 36.842108 30.899835 35.314095 35.993207 42.500001 37.521219 38.030559 22.525597 35.483873 100.000000 29.881155 24.157304 35.521233 37.351441 28.183365 28.183365 30.560273 11.463845 37.691003 40.572792
jgi|Nangad1|1222|rna5255                                            95.912808 72.763419 48.543692 41.626793 46.296299 29.171669 29.171669 34.951460 39.622641 29.184550 28.879309 44.687498 37.133551 35.772359 27.133107 34.138489 29.881155 100.000000 27.902621 43.243241 34.646964 34.257746 34.206223 36.877078 13.227510 37.133551 44.630075
jgi|Auran1|53100|estExt_Genewise1Plus.C_60216                       30.517709 28.429425 27.766991 28.089887 27.153558 26.591760 26.591760 28.464419 27.715355 26.779026 27.153558 32.499999 27.528089 27.902621 49.812734 26.404494 24.157304 27.902621 100.000000 26.833975 28.277153 23.595506 23.595506 25.842696 13.108611 26.404494 29.832935
jgi|Pelago2097_1|510932|fgenesh1_kg.13_#_312_#_Locus3414v1rpkm53.49 45.776570 44.333994 39.805830 39.768338 39.768338 38.610041 38.610041 38.803089 39.768338 38.803089 38.996136 43.437499 41.505790 40.347493 27.027023 39.189190 35.521233 43.243241 26.833975 100.000000 39.768338 38.803089 38.803089 38.416988 13.706565 40.540540 43.198091
jgi|Psemu1|181616|e_gw1.21.234.1                                    40.871936 41.550696 36.893201 33.169127 36.481482 32.019705 32.019705 68.801314 32.348108 54.187191 53.694582 83.749998 54.679805 54.844004 27.474403 59.441710 37.351441 34.646964 28.277153 39.768338 100.000000 36.124796 35.960591 39.036548 14.109349 52.873564 63.961816
jgi|Ochro1393_1_4|99271|CE99270_3511                                43.596733 41.153085 39.805830 34.420884 38.888890 33.115828 33.115828 33.931482 34.584010 33.442092 33.278954 43.124998 35.236537 36.052203 23.378837 34.747148 28.183365 34.257746 23.595506 38.803089 36.124796 100.000000 98.527002 64.285713 13.932979 35.725939 43.198091
jgi|Ochro1393_1_4|744560|estExt_Genewise1Plus.C_240013              43.324250 41.153085 39.223301 34.369886 38.703704 32.896888 32.896888 34.042549 34.206223 33.715224 33.551556 43.124998 35.351884 36.170208 23.378837 35.024548 28.183365 34.206223 23.595506 38.803089 35.960591 98.527002 100.000000 64.119601 13.932979 36.006546 43.198091
jgi|Ochro2298_1|444478|fgenesh1_kg.527_#_5_#_Locus6598v1rpkm33.59   44.959128 40.755469 37.864077 33.222592 36.296296 32.059801 32.059801 36.378741 33.388704 36.378741 36.710966 45.937502 38.205981 39.036548 22.866893 37.873757 30.560273 36.877078 25.842696 38.416988 39.036548 64.285713 64.119601 100.000000 15.520281 37.209302 45.823389
jgi|Fracy1|246826|fgenesh2_pg.18_#_399                              13.623977 13.121271 11.262137 11.463845 12.037039 12.345678 12.345678 15.343916 11.463845 14.109349 13.580245 14.999998 13.227510 12.874782 11.816579 14.638448 11.463845 13.227510 13.108611 13.706565 14.109349 13.932979 13.932979 15.520281 100.000000 14.109349 15.751791
jgi|Mintr2|731229|fgenesh1_pm.228_#_17                              44.686651 42.743540 37.669903 33.713353 36.666667 32.736158 32.736158 50.162864 33.061886 50.488597 50.000000 62.812501 68.078178 67.915308 25.255972 52.931595 37.691003 37.133551 26.404494 40.540540 52.873564 35.725939 36.006546 37.209302 14.109349 100.000000 77.804297
jgi|Thaps3|261407|thaps1_ua_kg.chr_2000231                          42.779291 45.107400 42.243433 42.482102 42.720765 42.482102 42.482102 62.291169 41.050118 62.291169 62.291169 64.062500 84.009546 74.940336 32.458234 63.484484 40.572792 44.630075 29.832935 43.198091 63.961816 43.198091 43.198091 45.823389 15.751791 77.804297 100.000000
